"Y" "N"
62 107
33 59
658 1550
14 61
57 153
218 451
10 19
106 239
65 105
13 29
132 298
35 56
70 104
13 24
4 6
10 43
74 214
54 109
54 109
183 355
119 245
40 84
18 29
39 75
106 190
1 2
55 111
88 204
8 14
12 19
37 88
15 26
11 20
53 76
2 6
0 47
0 26
1 4
21 38
76 159
0 85
7 15
16 41
1 4
41 70
77 154
128 267
245 477
33 54
13 25
21 41
138 282
2 6
155 289
24 34
50 93
9 27
19 35
11 31
39 81
41 103
43 97
28 59
22 78
499 959
6 15
9 18
1 1
2 2
5 38
32 45
61 86
4 9
7 16
0 1
21 34
126 241
2 2
12 17
0 9
5 26
1 4
12 16
57 97
189 437
10 20
32 61
3 6
0 51
2 2
2 3
1 101
1 3
2 5
2 5
102 178
9 22
11 25
0 2
95 179
89 168
0 41
2 3
0 1
10 73
1 2
17 33
1 4
57 120
0 1
71 210
38 63
55 122
16 43
1 13
194 292
43 73
2 5
34 63
88 183
137 284
172 297
4 15
39 84
179 378
108 187
15 40
84 135
25 28
242 442
10 23
31 68
23 49
4 6
126 279
113 221
46 102
295 541
13 25
28 47
148 289
11 22
2 3
3 6
149 262
33 70
142 256
50 118
62 137
17 53
33 72
39 73
3 4
13 16
47 90
3 5
41 90
12 31
23 54
18 32
19 48
165 313
317 725
55 147
12 21
33 65
70 145
125 266
35 70
17 26
123 250
19 40
7 26
115 249
38 94
20 44
14 19
205 366
12 33
7 22
4 7
40 81
10 30
0 2
3 5
29 32
2 2
31 101
8 8
4 9
27 50
32 54
9 10
1 2
3 3
37 88
1 2
4 8
21 43
72 132
64 158
47 81
1 3
24 47
2 2
12 44
24 51
1 2
88 166
17 34
28 54
21 34
13 25
19 42
19 42
12 20
2 4
23 53
36 62
9 21
39 62
13 27
9 17
16 29
12 19
61 121
123 324
93 258
14 30
10 19
6 17
8 19
34 102
1 6
2 8
30 67
154 285
237 413
25 49
21 36
242 486
8 15
132 270
8 14
7 14
32 57
103 208
58 128
6 14
6 14
28 129
28 129
62 120
224 411
2 5
13 25
2 12
6 15
2 4
2 9
13 23
3 6
39 67
1 3
4 17
43 74
228 412
30 94
36 78
26 50
1 1
40 65
90 161
8 15
144 254
40 86
6 24
0 71
2 3
4 8
34 52
5 7
191 336
19 33
20 42
15 35
0 2
33 51
119 219
97 195
4 7
28 56
14 41
13 44
3 11
8 15
38 97
7 26
34 62
59 102
29 44
6 9
89 185
82 150
1 2
32 70
149 346
2 4
2 7
55 102
17 47
85 174
3 5
149 256
45 87
21 38
13 28
2 2
75 168
178 341
31 54
109 202
165 322
128 234
15 25
39 110
6 12
41 95
19 37
5 8
16 37
14 22
42 87
95 212
132 285
0 4
9 28
15 36
35 74
2 5
19 39
7 11
175 381
52 89
11 23
2 6
20 50
6 10
130 327
23 40
90 153
5 13
61 81
59 116
12 22
13 28
28 41
470 959
26 47
7 12
107 153
117 236
72 133
32 71
8 17
6 14
83 183
58 142
32 49
81 146
97 238
107 215
1 2
25 46
12 26
40 80
15 35
51 103
16 40
15 26
49 114
29 57
69 132
59 129
50 96
28 50
6 12
7 16
3 5
17 23
27 63
47 101
39 68
131 263
555 1123
89 185
28 57
26 56
16 28
12 28
74 153
25 65
23 55
6 12
16 34
5 5
20 40
17 29
13 23
1 1
2 4
13 19
50 132
7 9
15 28
0 6
0 1
8 15
46 78
16 36
0 29
36 158
0 83
106 212
10 26
5 9
11 24
122 265
21 39
45 89
71 114
8 13
8 13
1 2
3 4
44 72
66 160
3 3
0 1
29 59
3 10
2 8
15 34
25 50
14 24
5 8
1 3
8 9
4 4
6 11
3 6
4 9
6 14
4 7
55 110
14 28
8 16
59 128
10 21
39 56
0 2
6 6
296 544
66 115
358 578
349 555
27 48
3 10
4 8
68 136
4 6
11 32
22 43
4 9
34 71
16 32
3 10
0 14
45 95
0 2
16 27
15 22
85 214
40 113
13 26
2 7
2 5
22 43
227 456
2 6
17 34
28 65
4 9
1 3
20 41
30 62
24 50
3 4
4 8
26 42
1 4
28 55
1 1
11 160
10 20
68 139
6 12
7 14
6 9
66 129
12 29
18 32
4 9
3 8
2 2
1 3
19 33
3 5
39 90
55 109
0 4
2 14
147 322
79 128
1 3
7 9
13 21
32 55
1 4
11 21
20 46
4 18
20 40
32 73
89 160
36 76
26 60
1 4
80 158
503 1055
266 492
6 11
10 25
31 63
33 82
27 60
155 355
155 355
146 258
3 3
0 2
9 16
0 4
0 2
1 1
3 3
17 19
5 5
46 46
2 2
0 1
2 7
10 30
6 22
9 20
4 13
44 69
70 143
70 143
121 160
14 17
9 14
3 4
10 37
52 90
15 31
4 9
83 127
14 18
33 68
0 2
58 95
104 210
14 23
0 1
16 28
74 145
58 134
8 15
22 48
61 111
81 154
20 30
34 61
8 16
74 150
26 47
1 1
56 115
34 61
7 22
58 112
25 43
54 162
31 58
16 27
53 130
0 2
291 560
13 23
3 7
178 393
46 83
4 10
2 4
111 210
126 240
135 269
192 459
34 52
17 27
166 290
28 75
44 84
30 67
40 78
96 187
111 164
24 58
28 63
20 44
7 15
56 100
3 7
21 49
9 18
162 302
97 172
6 14
51 90
110 214
9 13
112 217
174 358
119 211
13 28
18 46
57 115
9 19
23 38
14 24
19 58
56 115
15 24
14 31
46 80
16 36
12 29
63 106
26 86
291 592
7 14
182 386
17 26
54 88
30 49
6 11
6 28
53 92
33 60
14 32
0 1
39 71
6 11
12 25
12 34
17 34
19 43
9 19
15 27
39 109
18 34
18 32
197 360
168 341
2 2
153 311
160 321
41 84
61 114
6 12
64 137
2 3
8 14
8 15
18 31
33 69
30 60
81 170
413 751
2 2
45 91
108 192
136 266
38 78
1 1
10 15
86 96
27 36
17 31
5 7
90 185
40 89
18 35
4 4
20 21
0 2
9 22
90 159
20 51
9 18
9 18
13 15
167 313
59 103
102 141
9 19
6 9
4 4
3 4
5 6
5 9
2 3
6 33
3 6
23 57
22 54
8 9
30 46
0 1
54 71
8 21
13 32
4 5
18 18
11 21
28 56
6 8
67 139
13 28
8 15
4 9
34 58
83 181
10 15
2 13
23 49
31 55
10 24
19 39
15 23
25 38
14 28
7 16
33 75
24 41
16 30
2 2
4 5
91 211
12 20
2 3
2 3
1 3
3 4
39 81
72 142
6 17
0 1
1 2
12 28
17 36
94 130
5 6
1 2
12 17
1 2
96 190
0 2
8 16
2 4
4 11
7 15
16 34
51 93
34 69
223 435
30 59
11 24
5 10
12 27
16 20
4 7
45 91
3 6
26 50
11 25
10 34
7 18
8 27
545 972
25 47
8 20
28 44
89 195
2 9
1 1
15 30
98 218
23 45
25 55
9 22
0 5
382 761
51 113
3 7
3 7
11 26
33 63
6 7
2 2
4 6
4 4
17 24
29 57
46 76
6 13
0 2
1 1
24 42
13 20
4 8
4 9
4 8
1 1
14 29
11 26
6 9
27 46
5 9
0 1
13 23
15 44
51 119
4 9
0 1
17 25
1 1
136 232
2 4
5 10
140 266
126 222
63 97
20 42
8 16
35 66
6 11
10 31
2 2
12 18
73 114
68 149
15 26
9 26
22 34
20 43
39 75
14 35
46 87
69 156
60 132
23 46
34 60
39 73
1 2
1 2
72 141
10 28
51 121
16 43
2 8
4 9
18 36
23 46
5 7
12 29
14 27
2 5
4 4
0 1
1 5
3 3
20 39
11 14
2 6
0 2
1 1
7 11
27 40
3 4
8 15
2 5
3 7
1 4
33 49
5 21
69 145
22 35
52 100
30 52
30 52
44 93
3 14
10 14
94 183
1 1
1 2
1 4
3 6
3 6
5 8
69 128
195 380
68 150
58 104
8 12
3 8
28 70
39 74
12 24
0 1
3 4
2 10
1 6
12 20
13 26
2 6
2 2
1 2
45 80
48 98
4 6
2 2
10 20
0 2
1 2
2 3
14 30
11 20
0 3
3 6
1 3
22 48
4 6
0 1
0 1
2 5
19 31
39 70
2 4
41 93
344 735
71 126
168 335
71 145
6 9
1 4
44 81
2 2
24 61
24 53
0 2
23 40
2 8
19 30
24 57
4 7
13 27
16 30
16 46
5 8
12 17
13 20
10 27
10 17
2 5
28 39
13 39
8 19
2 3
4 9
1 2
1 3
43 108
7 12
2 3
18 31
3 4
9 28
90 162
6 16
16 23
9 10
0 1
4 5
1 5
2 10
7 14
31 67
4 16
13 34
12 20
34 64
8 12
42 79
5 8
10 15
1 4
3 6
9 15
6 8
12 19
6 13
19 46
54 100
18 32
14 37
1 2
28 46
55 100
6 9
3 4
3 6
1 3
7 16
1 4
7 10
3 10
9 20
5 9
3 3
4 7
3 8
3 14
7 14
5 8
6 16
1 4
5 7
76 114
0 10
8 15
1 7
36 80
0 3
2 4
10 18
21 36
8 12
6 15
15 34
17 40
28 36
21 34
0 1
45 93
16 31
31 49
1 4
19 36
2 3
5 63
10 17
16 31
19 40
21 55
17 34
9 28
8 14
11 28
8 23
30 56
2 3
12 19
2 5
20 34
47 80
216 359
38 67
17 41
35 80
44 100
31 68
11 13
8 21
63 146
8 15
52 116
383 776
28 66
42 77
34 64
38 78
32 81
51 98
88 172
41 97
98 198
11 23
3 6
0 2
1 1
33 62
396 817
1 1
53 108
5 9
29 55
35 64
3 17
117 245
13 31
37 76
5 13
43 73
1 3
0 1
2 2
11 33
15 40
16 34
6 10
5 14
22 87
26 74
13 19
0 1
73 96
18 29
9 18
16 40
2 4
27 55
88 224
97 146
45 66
23 50
54 125
88 180
134 274
122 226
2 8
16 37
20 37
39 73
193 340
236 412
1 4
19 30
50 117
102 201
52 139
288 694
13 21
11 31
29 48
33 70
27 55
58 118
164 307
2 9
57 95
8 13
48 71
16 27
197 366
25 52
18 37
9 21
8 20
72 116
96 197
39 105
53 147
1 2
14 53
11 21
0 5
76 129
17 35
35 80
93 147
3 8
21 45
3 3
2 3
0 2
1 1
2 5
2 2
12 16
0 2
0 2
2 9
18 46
3 5
6 11
3 6
71 142
15 31
66 127
12 20
5 14
124 220
0 4
39 87
3 10
54 99
8 20
54 96
287 492
12 20
4 6
4 5
3 6
3 6
30 77
66 129
100 246
54 72
54 72
1 6
18 24
6 15
30 58
125 257
189 363
8 18
4 8
17 33
153 284
1 4
201 454
5 16
19 33
429 795
68 141
77 163
40 95
36 65
130 273
1 3
11 23
13 20
7 14
2 3
44 82
2 10
4 6
3 7
14 18
30 61
155 294
7 17
4 5
3 6
1 1
1 3
12 27
11 13
1 4
0 4
17 33
24 44
78 151
1 1
1 1
54 108
19 42
48 85
9 17
9 16
1 3
58 129
2 2
33 58
5 12
5 12
1 2
3 5
2 3
2 4
5 13
11 25
1 1
50 138
93 162
26 33
10 20
24 50
34 76
8 12
4 4
16 40
2 14
2 2
11 27
20 37
85 151
37 72
220 428
141 256
54 104
19 42
5 11
3 3
19 228
1 1
0 1
10 26
71 135
1 1
7 15
3 10
88 186
3 15
4 9
19 30
9 18
25 45
351 698
5 7
0 1
441 846
15 31
45 124
102 228
9 12
54 218
24 48
17 34
7 16
59 113
59 113
12 34
1 9
8 29
360 718
12 17
274 393
172 334
365 678
159 277
159 277
11 30
4 9
12 22
4 5
85 140
1 4
66 121
1 7
15 32
204 412
14 30
9 16
2 6
28 63
2 5
1 1
1 2
35 58
4 6
11 18
3 10
3 3
7 22
59 89
115 220
20 32
17 40
14 32
11 25
31 104
25 32
29 50
1 2
17 33
17 33
1 1
65 130
65 121
130 283
264 502
225 697
58 141
25 41
115 223
202 373
9 19
48 108
234 419
62 129
20 52
61 144
41 103
54 129
0 1
124 246
44 95
82 154
9 15
14 22
4 6
5 9
14 31
68 103
15 25
42 103
36 68
3 3
50 80
5 16
36 67
46 82
43 77
68 163
87 131
41 87
15 19
6 19
15 25
11 16
184 387
212 369
8 15
21 28
43 100
17 32
7 11
38 40
0 26
69 127
3 7
1 2
2 4
9 27
4 6
11 19
0 21
86 157
107 183
11 24
14 17
14 17
2 5
15 26
15 26
118 214
114 235
6 9
8 20
2 7
118 198
9 17
3 8
6 12
3 6
1 8
32 66
3 10
45 94
1 1
3 4
2 2
9 19
7 8
27 54
22 57
36 63
8 16
0 1
28 37
4 8
35 86
13 32
4 9
23 51
66 143
72 159
17 34
97 182
28 53
8 14
34 75
210 433
5 10
97 182
1 2
1 2
25 57
6 9
27 62
25 45
350 637
19 25
11 27
77 174
77 174
40 83
35 65
78 185
36 70
189 322
28 57
21 50
17 40
23 44
27 60
37 67
33 74
81 165
53 106
9 14
8 12
23 44
137 223
274 592
6 12
33 51
33 98
4 11
11 23
3 4
28 60
26 189
7 15
35 48
2 4
2 7
2 5
48 102
76 176
60 125
104 184
58 131
174 352
37 88
41 90
1 3
80 152
10 16
26 50
288 482
61 109
50 97
7 14
34 74
17 24
17 47
676 1292
1052 2020
35 90
33 64
132 238
70 144
17 30
5 8
23 39
75 171
9 15
46 91
4 7
75 111
0 1
234 387
66 157
435 720
477 890
2 9
0 4
103 163
4 15
4 15
168 296
55 88
13 23
11 24
86 199
48 102
58 107
48 94
21 36
19 45
28 58
23 55
31 57
25 52
28 49
101 172
13 25
8 20
54 116
1 5
9 22
1 2
8 18
62 141
59 118
30 68
3 7
15 25
48 141
39 76
7 7
24 44
40 74
39 73
15 17
27 86
65 136
8 14
2 4
0 1
145 287
54 96
1 5
14 45
53 106
202 353
458 900
101 214
29 60
82 167
23 48
21 50
13 17
48 87
33 72
106 194
7 21
2 5
25 47
4 13
92 211
152 339
1 1
32 73
8 10
1 1
2 5
45 97
64 115
147 324
61 97
231 481
39 96
3 6
19 33
13 18
8 24
18 43
20 37
1 1
1 5
36 89
302 569
57 119
19 40
33 75
30 59
110 211
13 18
12 28
106 226
65 146
28 57
21 39
41 52
4 10
35 79
30 71
5 8
58 95
2 2
67 162
28 61
5 9
40 67
20 39
36 70
29 49
237 477
129 259
1 6
23 27
134 200
141 279
104 238
296 589
201 353
117 198
49 111
36 77
324 595
10 16
6 11
0 1
75 123
63 137
215 433
52 95
124 124
1 1
1 1
50 112
2 3
0 8
17 21
1 2
1 6
96 220
67 119
19 38
2 4
32 73
37 95
15 55
85 161
12 26
7 21
36 63
17 38
140 305
11 22
31 52
1 2
42 104
8 13
16 32
17 32
61 120
11 22
20 32
10 20
108 165
4 9
3 11
2 3
3 5
4 7
36 41
19 25
38 79
38 79
7 9
73 152
0 1
199 391
5 11
21 32
35 64
3 5
1 1
6 6
14 23
5 10
29 75
27 51
2 5
77 144
11 45
78 160
44 96
26 36
179 356
185 329
1 4
250 541
250 541
24 59
10 12
22 36
1 5
8 15
1 1
2 11
4 5
3 7
7 16
32 62
0 3
8 12
25 66
71 120
41 75
23 60
43 138
25 45
26 49
1 4
58 131
47 105
11 37
10 33
125 226
125 226
2 9
16 36
16 35
10 19
6 17
9 28
21 47
2 7
1 7
43 82
4 9
59 137
319 523
16 25
18 39
26 36
178 361
20 30
16 23
27 51
53 130
25 67
1 5
1 5
8 43
152 306
10 19
22 44
105 253
5 8
19 40
8 13
1 4
205 401
6 8
50 82
112 139
37 74
26 42
227 428
11 16
51 119
12 21
1 2
60 98
3 6
20 44
69 152
85 160
3 6
44 70
396 746
2 5
9 14
20 59
33 75
44 79
45 100
38 74
45 87
42 89
16 28
4 10
24 69
4 5
30 59
239 470
32 92
20 46
11 19
20 41
7 14
1 5
2 2
100 178
75 135
1 5
34 53
7 11
10 18
0 1
19 57
161 367
26 45
61 133
15 23
10 21
25 44
37 75
51 107
35 58
8 17
1 3
6 8
25 39
11 24
9 13
3 7
0 3
5 9
43 88
3 3
4 6
2 5
0 1
4 8
24 54
9 16
0 2
86 185
18 30
48 100
3 8
1 1
4 7
0 3
2 4
46 77
1 1
8 18
9 11
25 50
9 12
10 19
21 44
0 1
3 12
2 7
6 12
9 12
1 5
1 6
3 5
31 56
0 1
30 61
2 3
1 5
27 54
4 10
1 3
0 4
189 376
0 1
2 2
1 4
9 14
9 24
14 21
1 1
1 4
21 48
2 3
0 12
198 430
194 417
9 12
25 56
20 35
45 75
15 33
19 23
132 238
25 41
127 270
79 202
120 222
14 27
25 39
45 106
3 10
1 1
16 33
38 97
4 12
10 24
1 3
15 23
14 36
16 38
25 48
17 29
25 39
210 396
14 30
104 185
82 224
32 63
116 220
48 105
41 92
251 374
56 117
7 13
58 256
26 37
180 322
193 578
22 34
9 18
7 14
31 54
14 42
20 45
19 45
123 208
21 33
53 98
33 80
707 1440
18 37
9 19
65 105
263 537
272 586
138 292
108 219
9 16
2 5
197 335
5 7
0 1
48 94
20 32
9 23
45 99
26 47
1 1
1 2
24 56
28 54
110 216
1 5
38 65
133 285
54 115
153 282
10 15
5 6
6 14
82 153
9 19
64 141
62 63
39 102
19 37
7 10
0 1
22 55
56 88
49 91
15 28
49 112
20 35
13 27
137 296
22 61
58 118
59 119
7 11
1 2
2 9
16 38
18 44
9 30
78 80
2 5
85 143
96 151
16 24
35 69
86 146
133 261
53 107
133 264
18 50
8 13
6 20
12 26
1 1
9 9
1 1
6 16
0 3
23 45
2 3
14 23
52 97
7 13
25 44
52 111
48 104
23 43
11 25
13 22
8 16
1 1
71 159
23 35
34 58
4 5
57 110
109 215
64 136
40 85
55 114
0 1
37 67
12 18
25 39
13 19
40 70
63 84
119 249
33 57
93 165
4 11
30 45
3 12
27 61
22 46
15 35
75 141
4 4
7 9
18 31
18 33
30 74
32 52
38 57
4 10
206 394
65 131
1 5
1 2
32 71
6 17
6 9
16 50
11 20
2 2
8 8
58 116
56 134
390 776
41 76
219 453
34 59
1 2
29 51
9 19
12 38
205 435
29 67
28 39
51 92
7 11
13 22
28 64
10 23
149 290
62 133
104 241
186 327
99 177
90 101
16 26
2 3
9 26
1 1
0 1
157 245
6 10
64 135
0 23
0 23
22 46
53 133
29 59
29 51
5 9
74 144
20 36
50 98
121 246
7 23
43 83
16 30
1 1
35 81
65 111
8 21
2 3
7 8
2 2
2 4
3 6
0 1
64 140
2 3
3 6
131 211
4 11
104 176
5 6
23 50
1 3
4 6
6 8
6 12
3 5
4 11
2 3
2 4
0 2
59 101
34 79
9 16
5 10
0 3
3 3
0 2
118 204
0 1
3 8
35 63
6 11
4 33
7 15
3 9
2 5
289 512
22 39
66 130
95 198
57 90
69 124
0 2
189 338
39 84
45 86
47 76
29 52
20 35
21 43
4 6
18 43
24 38
13 24
10 21
11 16
36 73
6 16
46 77
33 57
12 22
6 13
18 37
13 44
26 48
2 4
6 19
1 3
16 27
23 24
18 31
62 148
12 22
6 6
6 6
6 6
0 2
150 150
1 2
1 3
0 4
96 170
73 73
10 17
1 5
10 20
9 21
33 107
9 14
0 1
3 7
5 10
12 24
0 1
35 55
1 3
1 2
7 8
5 14
3 10
4 6
38 81
121 294
43 92
36 82
30 48
15 31
26 50
6 11
13 28
13 23
53 78
22 38
5 16
76 174
11 17
39 84
32 72
59 129
19 37
19 35
7 15
116 221
160 289
176 342
12 36
0 7
50 103
138 329
18 32
192 425
43 106
2 3
13 29
29 66
80 171
254 493
79 154
53 127
43 90
41 141
48 103
10 142
66 180
2 4
12 127
2 15
128 223
57 125
114 234
54 123
2 15
7 12
3 6
10 13
515 949
468 546
6 14
39 80
2 3
20 34
38 69
106 212
161 336
20 51
43 74
81 150
3 6
1 1
52 93
14 29
92 171
78 153
2 2
175 337
23 42
12 27
10 23
51 105
16 34
19 57
4 5
41 91
22 53
56 121
269 540
120 217
57 115
30 62
6 10
15 39
31 55
15 39
14 25
104 219
17 32
18 31
4 7
2 8
1 2
28 64
51 86
1 3
1 1
18 30
19 28
1 1
0 2
5 12
0 1
1 3
2 2
5 9
5 7
10 22
8 14
2 4
80 160
2 5
66 96
1 5
1 6
6 13
16 27
12 19
12 19
148 341
2 3
3 6
27 44
6 10
8 12
38 66
22 40
100 188
43 84
161 324
0 1
113 241
12 32
44 87
5 11
9 20
27 48
29 53
31 90
5 14
71 150
109 184
28 53
3 5
3 4
95 299
105 252
115 209
5 10
2 4
17 28
63 142
9 17
72 118
36 67
36 66
2 5
0 1
37 67
5 12
19 37
4 9
82 171
42 86
3 19
17 37
85 183
84 160
5 13
62 119
35 71
56 91
89 164
26 49
66 131
7 8
0 2
6 10
28 39
21 39
1 5
8 20
3 4
5 15
13 38
11 13
14 33
172 200
109 212
77 159
62 119
31 59
31 59
40 79
57 139
23 32
11 18
25 41
56 112
6 13
15 36
7 17
1 3
5 6
16 26
23 40
9 27
47 93
29 66
39 54
139 275
40 73
2 7
166 318
26 46
1 6
1 2
16 45
6 12
6 23
30 52
45 92
116 180
29 83
3 5
0 3
5 10
32 69
26 59
3 4
45 102
50 108
118 226
49 108
179 347
89 171
131 266
102 222
93 128
202 380
36 77
13 35
18 41
45 78
8 16
34 79
38 84
42 92
13 29
11 26
29 58
29 61
43 75
4 6
19 32
5 6
0 1
0 4
339 601
657 1266
205 397
20 35
46 120
8 16
25 54
2 8
13 25
94 172
106 186
2 3
6 8
4 7
3 5
78 140
378 766
9 19
27 61
13 28
66 102
4 4
5 23
3 7
33 60
10 12
10 23
2 8
4 6
0 1
3 27
3 3
7 14
25 29
14 26
109 246
80 98
13 35
61 119
116 275
10 56
1 1
7 15
0 2
2 2
1 2
1 2
2 3
5 12
30 67
2 7
62 131
28 54
120 266
51 90
152 255
5 10
155 307
10 24
13 34
255 517
5 10
14 32
17 31
26 51
0 6
2 9
1 9
44 103
74 143
69 146
9 12
13 36
75 190
12 23
7 21
12 19
9 13
205 432
18 51
58 157
2 6
117 242
149 280
45 86
8 30
59 125
0 1
106 192
9 14
17 36
37 76
45 101
23 40
28 46
21 33
94 162
9 19
40 86
0 6
16 29
115 223
7 20
2 7
4 6
166 345
58 130
2 16
113 229
113 229
12 41
29 62
22 48
4 10
94 164
1 7
118 243
9 20
151 376
37 82
9 18
48 84
4 7
51 116
43 94
40 88
9 21
4 6
0 1
5 17
21 47
67 140
68 119
53 100
33 67
6 15
1 4
108 223
5 11
13 24
17 58
2 10
475 864
12 42
25 55
136 246
114 207
81 163
32 67
9 19
52 129
28 80
0 1
24 65
39 70
55 103
45 80
84 172
10 28
11 18
1 1
311 666
26 87
28 56
131 249
8 24
50 96
3 16
24 33
84 117
1 3
27 46
52 89
13 28
19 43
17 33
1 2
11 14
5 6
34 69
1 2
1 2
4 4
8 11
15 21
139 285
293 531
65 123
0 5
43 86
2 3
245 256
3 15
2 3
8 16
3 4
8 19
15 28
27 43
0 1
1 1
93 186
81 176
1 2
0 1
7 9
1 4
25 44
10 18
31 54
38 47
2 5
463 988
119 264
98 196
69 128
4 12
32 52
61 141
10 16
32 63
11 26
58 112
62 111
178 345
84 196
21 47
20 25
17 26
46 88
58 90
28 64
24 46
4 12
44 72
26 36
9 18
25 59
217 329
10 21
1 4
38 75
5 16
12 21
6 12
5 9
0 6
0 3
1 5
1 4
1 4
1 5
27 57
6 9
43 84
18 30
12 24
1 2
3 4
35 56
46 81
55 115
64 145
1 3
5 12
1 3
68 157
37 58
0 1
117 201
117 201
56 124
35 68
32 73
15 23
1 7
601 1110
277 605
64 108
20 32
242 434
546 1076
32 57
133 216
87 167
14 20
9 26
14 42
36 53
9 13
12 30
16 22
35 67
41 92
71 140
64 138
48 80
8 27
18 30
376 815
103 224
189 380
45 126
8 14
83 156
31 72
1 1
16 33
72 157
8 18
13 29
14 35
54 96
174 380
33 69
15 25
88 173
222 404
12 37
11 12
1 3
16 28
51 98
6 13
180 327
357 669
70 141
47 115
10 18
1 1
16 23
25 41
20 33
4 8
65 109
35 66
5 5
44 78
3 3
1 4
20 29
20 33
2 8
87 116
8 9
0 2
3 5
46 56
3 4
2 6
126 244
10 22
47 105
15 21
20 28
1 2
6 7
44 104
51 117
41 72
21 49
27 53
6 10
532 1032
12 32
121 235
54 91
2 6
1 4
74 142
266 488
8 14
11 33
50 89
78 130
59 114
73 158
1 3
4 13
130 269
77 138
6 11
8 8
0 1
6 11
12 26
35 70
5 12
2 2
1 1
25 47
15 27
43 89
16 30
3 3
6 14
2 11
7 11
22 50
3 9
218 438
78 143
60 109
5 6
4 13
2 3
19 47
9 16
1 2
21 40
51 83
47 112
3 5
127 220
11 19
20 49
99 180
32 60
6 10
12 19
13 50
115 226
36 70
295 589
121 231
349 680
57 133
11 17
8 14
85 156
19 31
4 9
6 12
96 178
6 15
81 145
245 363
51 79
170 319
255 471
255 473
58 118
3 4
95 192
2 13
4 10
32 55
40 92
7 12
19 42
29 43
11 20
48 104
56 116
335 544
24 53
47 88
18 26
20 34
27 74
34 75
8 14
5 13
6 11
30 50
2 7
4 9
4 9
3 9
1 2
261 509
1 3
27 48
16 39
4 6
43 85
23 44
2 6
39 99
7 17
91 159
4 8
1 4
11 17
2 4
5 5
3 3
17 37
33 67
2 4
6 6
3 7
1 1
3 6
30 66
2 4
39 79
7 10
6 6
15 26
135 273
14 26
217 449
200 416
52 128
36 91
35 72
2 9
127 218
12 22
84 148
69 111
295 850
390 837
35 57
46 78
29 49
44 94
10 30
145 260
27 65
6 12
9 16
38 84
58 106
11 19
16 22
94 207
12 32
37 82
102 208
42 77
108 230
2 7
5 5
22 43
28 54
122 260
6 13
83 153
7 17
7 15
7 11
4 9
9 17
1 2
13 18
8 13
6 12
7 14
6 22
0 2
3 5
11 26
41 63
7 23
8 18
4 10
18 37
7 14
9 13
7 22
0 1
54 73
113 194
322 609
24 35
3 6
3 6
74 149
29 56
60 96
254 476
97 185
384 769
12 27
38 82
32 68
7 22
430 881
322 632
1 1
41 88
2 5
18 33
4 16
13 23
20 36
11 30
14 25
31 63
23 42
9 22
5 12
50 83
9 17
30 52
30 52
3 4
5 9
12 29
37 63
8 14
163 325
66 132
38 60
60 96
77 186
16 27
37 74
24 69
156 309
3 6
91 209
109 257
46 78
15 39
25 53
47 82
16 34
58 110
27 55
36 77
4 10
58 116
32 73
2 4
1 2
56 115
83 159
39 132
7 14
105 251
42 109
2 5
12 23
3 4
2 6
3 6
2 7
173 360
149 301
49 98
3 7
32 65
0 2
437 825
19 36
3 6
164 325
0 3
132 258
86 193
88 157
12 23
211 431
211 431
8 12
830 1457
24 48
16 25
36 105
42 80
5 14
65 129
29 78
40 116
15 49
315 685
7 12
22 41
145 266
15 31
26 49
42 88
17 38
246 517
8 13
38 61
67 127
21 44
2 9
3 7
0 3
2 3
2 4
16 39
12 24
44 98
103 212
33 72
3 11
64 117
27 66
154 350
1 3
4 12
70 132
16 44
18 21
44 82
68 124
303 571
7 18
5 14
2 5
11 20
41 87
4 7
199 409
2 18
10 16
11 18
13 27
15 30
67 98
94 163
338 603
9 14
5 7
73 178
4 5
34 58
3 7
8 14
47 103
36 58
1 5
1 3
143 229
93 159
66 114
2 3
1 2
17 48
45 84
53 100
288 552
4 7
0 1
6 13
10 29
37 59
60 120
76 155
0 2
2 3
1 2
0 1
6 14
42 76
58 131
39 80
135 294
150 269
5 7
36 74
24 54
11 34
3 7
23 34
127 261
5 10
109 195
38 86
46 95
12 19
1 3
15 26
8 32
27 42
17 36
10 20
10 21
5 5
47 84
1 1
27 53
1 1
13 34
175 307
7 19
7 16
99 143
67 86
64 118
87 148
67 129
157 284
21 43
77 139
61 125
26 34
25 48
19 41
92 179
48 97
26 42
46 106
53 112
17 42
59 132
13 29
102 177
84 176
96 151
98 159
3 7
21 35
109 229
62 123
42 94
9 16
3 5
80 141
21 33
80 121
63 146
0 3
4 7
83 162
20 40
39 67
18 23
4 14
5 6
3 3
123 262
76 210
4 8
70 141
39 64
87 203
83 186
22 42
23 41
0 4
9 20
19 56
0 1
114 217
0 3
24 47
148 278
33 79
7 17
10 17
30 51
3 3
1 5
109 218
0 1
1 1
9 53
110 219
1 3
11 16
5 9
2 4
0 1
2 6
11 20
10 34
2 5
67 135
43 89
4 5
140 277
1 2
39 88
33 106
42 74
18 41
64 124
12 32
29 62
161 260
29 87
108 184
41 72
10 26
189 363
76 141
21 31
39 74
73 150
14 33
73 180
124 257
94 179
5 10
3 7
76 149
4 9
7 11
11 37
201 369
73 139
20 54
180 387
35 127
6 13
26 69
38 75
2 10
18 33
94 190
9 16
10 13
10 21
9 19
39 85
12 23
4 15
0 3
1 1
6 11
0 2
5 7
18 36
1 1
38 55
2 2
4 9
8 11
0 3
8 29
0 1
0 1
23 38
58 100
23 42
4 9
157 282
15 42
10 22
17 37
9 21
10 23
24 39
10 18
26 40
1 2
120 180
12 25
30 70
16 43
5 5
4 6
35 81
0 7
7 14
11 22
8 11
1 1
15 36
31 43
19 29
7 11
1 2
9 13
4 7
10 20
5 11
4 11
2 2
1 1
31 79
4 9
18 40
50 96
123 304
16 41
20 43
28 77
3 10
0 1
10 17
8 16
6 7
1 3
98 161
78 152
23 47
31 59
56 83
25 47
94 199
42 79
236 459
10 16
24 47
9 18
380 727
3 9
10 19
11 18
128 219
2 8
4 7
17 29
9 9
5 12
89 90
92 100
4 4
5 6
1 3
7 10
16 33
35 60
7 17
8 12
9 14
13 29
139 315
32 45
3 3
20 32
35 56
2 2
2 4
38 86
58 149
6 12
1 7
0 1
27 53
34 58
1 3
2 4
57 113
104 216
10 49
11 19
14 18
24 89
6 16
11 16
2 3
0 2
10 19
6 15
1 4
2 3
3 7
78 141
43 83
1 2
1 4
38 77
38 71
4 9
55 104
5 15
7 13
27 57
40 82
4 6
16 35
11 16
27 60
6 10
20 32
17 42
38 81
9 14
131 221
113 288
9 22
21 30
47 79
0 1
14 27
4 5
19 50
91 161
66 141
13 19
1 2
16 34
0 2
32 63
22 34
29 46
7 12
2 3
8 16
52 98
2 9
0 1
8 8
2 4
12 29
19 34
2 8
2 5
6 7
60 108
3 6
34 70
54 108
42 87
119 225
8 19
0 2
4 11
0 1
1 1
51 124
8 34
4 7
4 6
248 499
37 53
4 7
6 10
13 20
4 6
16 28
4 6
17 40
7 12
65 109
33 72
4 6
7 8
165 255
315 542
52 131
147 248
2 25
23 44
54 128
31 50
7 20
16 29
164 327
3 10
230 486
43 92
12 25
3 11
62 135
2 2
21 42
9 21
31 50
3 5
23 31
8 13
51 108
75 165
139 248
24 31
2 6
0 1
1 5
129 274
45 123
17 32
157 308
15 28
12 23
2 4
148 295
414 1002
8 16
41 71
18 43
9 38
32 52
27 60
150 330
89 156
9 18
12 20
11 18
18 27
16 21
14 27
1 2
3 8
27 75
0 2
1 2
27 54
236 456
41 71
75 183
15 27
52 92
80 154
93 203
7 11
1 6
2 2
17 24
13 16
3 7
3 3
8 15
10 13
14 21
5 6
5 6
87 87
10 22
2 2
3 7
18 30
1 3
0 2
37 42
39 92
34 89
68 153
61 156
34 55
17 40
15 19
3 4
5 8
3 8
17 71
3 11
30 72
85 164
17 45
60 147
60 147
1 2
5 7
86 173
151 315
128 280
86 131
26 48
66 150
2 4
3 13
9 19
47 105
462 853
17 29
0 1
1 3
1 3
20 41
73 162
187 403
11 31
71 139
6 7
0 1
25 54
2 3
5 11
8 14
0 1
24 52
11 39
36 79
34 76
10 20
1 5
17 42
89 181
10 15
35 63
235 278
12 22
12 21
3 6
13 27
15 35
7 20
6 8
8 27
7 22
4 11
47 52
5 11
129 282
129 282
23 50
18 37
3 3
1 2
16 23
15 21
130 295
10 21
40 73
101 200
13 23
36 60
6 21
42 100
5 8
4 4
1 3
3 8
44 89
225 470
35 63
11 19
26 51
10 18
98 182
0 6
19 42
62 152
83 166
26 52
121 233
26 38
20 21
4 7
6 15
3 9
3 4
52 110
5 6
20 29
6 13
15 34
1 9
23 36
54 90
2 4
279 430
14 26
0 1
19 28
14 22
8 11
5 8
0 6
1 1
174 322
126 307
141 306
104 201
9 30
2 7
3 6
31 71
5 7
32 58
132 167
11 14
12 19
14 37
7 12
59 112
51 107
60 112
22 43
41 89
11 29
1 2
10 20
40 79
19 30
39 92
17 32
2 3
55 179
213 402
402 743
23 43
187 312
1 1
55 126
49 113
11 17
46 100
99 216
5 8
41 97
140 266
27 64
14 38
131 216
1 1
1 1
7 21
107 234
3 5
8 10
246 452
40 73
1 2
9 17
12 24
0 1
19 39
1 4
6 14
0 1
97 195
61 136
68 129
12 27
17 33
7 17
10 14
4 6
1 2
7 22
142 300
13 22
11 21
5 12
72 130
19 43
8 13
114 247
113 220
18 32
23 41
8 14
36 68
36 68
93 212
5 6
84 144
2 5
11 44
3 6
1 2
27 56
111 206
7 15
84 158
24 31
1 3
12 21
4 6
0 3
0 1
7 15
18 27
2 2
5 9
4 7
1 1
2 3
43 124
6 14
133 238
83 270
5 14
8 17
4 6
29 140
2 6
15 26
59 125
107 193
63 110
97 625
68 143
93 177
28 62
5 12
33 73
26 42
40 91
17 38
122 252
31 70
62 140
1 1
122 251
0 5
189 377
2 5
0 2
1 9
63 117
122 228
25 91
5 20
43 88
4 6
8 13
35 74
27 63
22 38
115 231
100 203
108 185
562 1061
16 28
3 6
16 27
2 2
44 65
9 19
2 3
24 50
10 25
47 99
69 122
103 196
37 77
5 12
27 47
227 404
46 107
2 9
42 68
18 40
11 31
42 87
47 81
253 536
3 5
3 6
7 11
0 1
32 68
50 99
36 75
10 35
5 12
19 44
27 62
2 8
1 4
30 56
2 8
56 92
7 10
1 3
114 228
3 5
56 92
14 23
151 307
28 42
45 118
115 253
61 107
107 224
58 135
5 12
36 68
0 2
37 71
3 3
7 30
1 3
30 57
7 21
3 5
19 36
15 28
25 54
28 37
84 96
0 1
51 90
102 202
9 11
1 3
3 5
3 4
10 20
6 11
64 126
19 33
43 81
167 332
238 388
5 10
5 19
15 33
143 281
1 2
11 17
1 5
1 5
15 43
1 1
21 47
12 21
15 41
11 25
10 20
1 1
15 35
3 3
21 38
1 4
15 31
1 1
33 65
3 9
80 194
19 44
7 15
4 8
2 4
83 210
39 79
28 56
33 52
8 22
23 37
5 7
12 18
11 33
12 18
0 1
126 226
20 32
320 718
4 4
5 8
38 97
22 37
1 2
60 123
9 18
2 2
1 4
2 7
6 29
71 125
35 62
51 107
150 354
11 21
81 163
1 3
6 10
207 363
51 110
77 150
30 54
14 38
435 758
93 200
4 20
19 52
13 27
79 159
72 136
22 33
20 70
18 49
52 92
29 94
364 742
139 283
130 268
7 21
23 46
54 112
22 49
37 99
11 30
9 16
0 1
28 48
11 23
3 5
26 39
8 23
51 107
47 102
11 14
37 63
7 19
10 19
48 77
58 114
150 318
174 360
46 125
446 863
68 127
149 234
57 108
30 61
101 199
14 20
31 57
68 135
343 685
1 2
154 269
121 210
74 123
10 21
10 21
27 59
26 60
38 72
10 26
204 379
21 32
13 18
152 314
12 30
15 28
25 60
26 54
10 23
5 9
7 12
23 44
23 44
21 53
14 31
7 20
35 79
7 10
31 55
147 325
12 20
4 25
40 73
40 82
27 47
1 3
28 39
74 121
30 59
134 257
12 33
33 96
75 96
109 179
58 99
12 26
251 468
196 368
11 21
90 161
21 39
20 42
116 241
2 3
293 568
63 134
4 5
6 12
45 108
29 60
60 113
7 19
44 85
4 8
1 3
11 35
41 88
28 33
13 19
1 6
2 7
30 62
2 2
31 67
109 155
2 7
22 42
28 71
1 8
97 213
125 279
6 11
0 4
0 2
253 569
41 81
4 7
3 3
1 5
9 16
6 22
0 1
15 29
69 124
15 15
24 56
21 47
89 185
51 104
75 152
3 11
4 6
21 33
5 12
27 37
6 9
47 89
5 8
3 6
171 290
31 63
14 31
88 160
3 5
3 5
72 135
16 29
12 34
45 93
6 12
13 24
0 1
12 23
1 2
23 31
26 48
218 408
2 10
2 10
5 11
4 5
100 189
5 10
17 32
39 75
11 22
39 61
52 87
2 11
14 35
55 134
23 26
76 84
8 14
77 153
24 38
63 133
134 202
34 80
30 56
54 103
60 115
52 93
53 105
9 17
61 117
27 47
62 99
49 92
5 14
46 144
49 86
28 52
11 18
28 56
30 54
8 9
41 84
2 2
1 2
0 2
0 2
14 23
0 1
12 32
64 107
40 74
23 39
74 130
66 125
9 26
5 14
0 1
61 111
22 37
2 5
6 11
7 12
2 4
2 2
2 7
0 2
53 108
6 18
9 22
8 22
22 37
54 109
2 4
1 1
1 2
18 32
29 48
12 22
16 23
0 1
26 37
3 6
11 19
1 4
4 7
1 2
5 24
51 116
7 11
37 71
4 10
1 1
0 1
4 5
6 15
15 44
34 56
1 1
6 6
4 7
1 1
4 11
1 2
20 43
1 3
0 1
115 164
101 165
13 19
3 5
10 13
4 8
4 6
2 3
0 5
0 1
19 33
20 25
19 39
0 5
36 63
12 18
23 40
145 262
143 255
1 2
16 19
11 20
16 40
6 13
1 2
15 34
26 59
3 5
51 109
39 80
79 148
66 122
66 122
81 170
83 141
29 75
339 671
535 1179
6 13
9 21
17 37
20 62
74 148
12 35
82 181
2 6
18 35
9 37
1 1
2 4
1 8
5 12
5 11
1 3
1 3
1 26
1 1
99 188
99 188
14 22
3 7
2 8
5 7
4 4
1 2
0 4
1 1
38 67
29 59
8 20
8 18
38 66
2 2
9 20
6 11
33 58
11 18
3 5
12 26
2 6
3 4
18 29
2 3
0 2
9 18
26 61
1 5
1 4
23 40
7 12
19 50
2 13
19 29
2 6
8 18
2 7
13 24
26 41
3 6
1 6
3 5
19 57
86 187
14 53
0 1
161 315
139 275
1 1
25 45
2 2
2 3
2 3
132 241
7 15
22 44
1 3
18 20
0 1
4 11
14 30
0 1
6 11
2 5
2 5
14 28
15 35
0 2
23 57
26 69
110 256
14 30
1 2
23 30
2 4
2 3
36 57
15 27
13 13
34 60
20 35
12 18
146 290
46 73
51 152
11 23
47 100
32 96
31 69
2 7
46 89
12 24
1 5
21 37
1 3
23 43
0 3
54 99
1 5
0 1
17 33
9 16
7 13
64 135
15 20
18 44
55 80
31 67
60 167
10 22
40 117
37 70
36 91
92 173
59 136
1 2
11 25
222 406
119 231
18 31
1 7
32 53
112 205
39 84
2 5
10 23
86 194
1 1
56 142
88 181
16 30
6 14
3 8
38 88
45 79
11 22
18 41
278 568
1 3
37 76
0 1
83 145
117 217
30 86
1 1
7 12
172 304
2 4
8 21
5 18
6 16
0 1
27 56
28 60
13 31
11 30
9 17
4 10
3 5
9 11
8 18
2 3
6 11
12 19
2 4
2 2
12 16
5 14
21 43
7 21
1 4
11 22
16 26
14 31
7 15
23 37
45 101
31 72
8 11
6 9
1 2
26 70
10 12
1 2
8 14
2 8
26 56
29 66
6 437
0 2
0 1
56 103
5 23
2 2
3 3
13 105
156 308
84 171
5 19
0 1
6 13
1 1
2 4
2 11
70 112
48 106
7 11
1 1
5 8
0 5
1 3
17 30
7 7
3 5
15 36
15 36
1 3
7 13
3 4
6 18
7 10
25 45
9 19
2 10
16 26
69 133
53 88
38 83
2 9
77 150
14 29
2 6
7 15
0 1
1 2
0 1
2 5
22 33
28 61
4 7
0 2
79 157
79 157
8 8
19 33
5 9
1 1
83 165
5 10
15 21
13 24
12 20
6 11
1 3
2 4
3 5
78 157
5 12
26 45
10 14
2 3
4 6
7 16
3 7
6 23
1 2
7 9
2 3
6 25
52 103
29 51
10 18
221 476
25 36
3 11
111 301
13 20
1 2
8 24
13 36
10 27
2 2
